//Group G is generated by
//c1c2c3c4(1 2)
//(1 3 2)


1.S3
MatrixGroup(11, Integer Ring) of order 2 * 3
Generators:

    c1c2c3c4(1 2)
    [ 1  0  0  0  0  0  0  0  0  0  0]
    [ 2  1  1  1  1  1  0  0  0  0  0]
    [-1  0  0 -1  0  0  0  0  0  0  0]
    [-1  0 -1  0  0  0  0  0  0  0  0]
    [-1  0  0  0 -1  0  0  0  0  0  0]
    [-1  0  0  0  0 -1  0  0  0  0  0]
    [ 0  0  0  0  0  0  1  0  0  0  0]
    [ 0  0  0  0  0  0  0  1  0  0  0]
    [ 0  0  0  0  0  0  0  0  1  0  0]
    [ 0  0  0  0  0  0  0  0  0  1  0]
    [ 0  0  0  0  0  0  0  0  0  0  1]
    
    (1 3 2)
    [1 0 0 0 0 0 0 0 0 0 0]
    [0 1 0 0 0 0 0 0 0 0 0]
    [0 0 0 0 1 0 0 0 0 0 0]
    [0 0 1 0 0 0 0 0 0 0 0]
    [0 0 0 1 0 0 0 0 0 0 0]
    [0 0 0 0 0 1 0 0 0 0 0]
    [0 0 0 0 0 0 1 0 0 0 0]
    [0 0 0 0 0 0 0 1 0 0 0]
    [0 0 0 0 0 0 0 0 1 0 0]
    [0 0 0 0 0 0 0 0 0 1 0]
    [0 0 0 0 0 0 0 0 0 0 1]

1
{@
    Mod: (0 0 0 1 0 0 0 0 0 0 0),
    Mod: ( 0  1 -1  0  0  0  0  0  0  0  0),
    Mod: (0 0 0 0 1 0 0 0 0 0 0),
    Mod: ( 0  1  0  0 -1  0  0  0  0  0  0),
    Mod: ( 0  1  0 -1  0  0  0  0  0  0  0),
    Mod: (0 0 1 0 0 0 0 0 0 0 0)
@}
Intersection Matrix:
[-1  0  0  0  1  0]
[ 0 -1  0  0  0  1]
[ 0  0 -1  1  0  0]
[ 0  0  1 -1  0  0]
[ 1  0  0  0 -1  0]
[ 0  1  0  0  0 -1]
Stabilizer Group Name:
C1
MatrixGroup(11, Integer Ring) of order 1
2
{@
    Mod: ( 0  1  0  0  0 -1  0  0  0  0  0),
    Mod: (0 0 0 0 0 1 0 0 0 0 0)
@}
Intersection Matrix:
[-1  1]
[ 1 -1]
Stabilizer Group Name:
C3
MatrixGroup(11, Integer Ring)
Generators:
    [1 0 0 0 0 0 0 0 0 0 0]
    [0 1 0 0 0 0 0 0 0 0 0]
    [0 0 0 0 1 0 0 0 0 0 0]
    [0 0 1 0 0 0 0 0 0 0 0]
    [0 0 0 1 0 0 0 0 0 0 0]
    [0 0 0 0 0 1 0 0 0 0 0]
    [0 0 0 0 0 0 1 0 0 0 0]
    [0 0 0 0 0 0 0 1 0 0 0]
    [0 0 0 0 0 0 0 0 1 0 0]
    [0 0 0 0 0 0 0 0 0 1 0]
    [0 0 0 0 0 0 0 0 0 0 1]