//Group G is generated by
//c1c2c3c6(3 6)(4 5)
//c2c4c5c6(1 5 4)(2 3 6)


1.S3
MatrixGroup(11, Integer Ring) of order 2 * 3
Generators:
    c1c2c3c6(3 6)(4 5)
    [ 1  0  0  0  0  0  0  0  0  0  0]
    [ 2  1  1  1  1  0  0  1  0  0  0]
    [-1  0 -1  0  0  0  0  0  0  0  0]
    [-1  0  0 -1  0  0  0  0  0  0  0]
    [-1  0  0  0  0  0  0 -1  0  0  0]
    [ 0  0  0  0  0  0  1  0  0  0  0]
    [ 0  0  0  0  0  1  0  0  0  0  0]
    [-1  0  0  0 -1  0  0  0  0  0  0]
    [ 0  0  0  0  0  0  0  0  1  0  0]
    [ 0  0  0  0  0  0  0  0  0  1  0]
    [ 0  0  0  0  0  0  0  0  0  0  1]
    c2c4c5c6(1 5 4)(2 3 6)
    [ 1  0  0  0  0  0  0  0  0  0  0]
    [ 2  1  1  1  1  1  0  0  0  0  0]
    [ 0  0  0  0  0  0  1  0  0  0  0]
    [-1  0  0  0 -1  0  0  0  0  0  0]
    [ 0  0  0  0  0  0  0  1  0  0  0]
    [-1  0 -1  0  0  0  0  0  0  0  0]
    [-1  0  0  0  0 -1  0  0  0  0  0]
    [-1  0  0 -1  0  0  0  0  0  0  0]
    [ 0  0  0  0  0  0  0  0  1  0  0]
    [ 0  0  0  0  0  0  0  0  0  1  0]
    [ 0  0  0  0  0  0  0  0  0  0  1]
1
{@
    ( 0  1 -1  0  0  0  0  0  0  0  0),
    ( 0  1  0  0  0  0 -1  0  0  0  0),
    (0 0 0 0 0 0 1 0 0 0 0),
    (0 0 1 0 0 0 0 0 0 0 0),
    ( 0  1  0  0  0 -1  0  0  0  0  0),
    (0 0 0 0 0 1 0 0 0 0 0)
@}
Intersection Matrix:
[-1  0  0  1  0  0]
[ 0 -1  1  0  0  0]
[ 0  1 -1  0  0  0]
[ 1  0  0 -1  0  0]
[ 0  0  0  0 -1  1]
[ 0  0  0  0  1 -1]
Stabilizer Group Name:
C1
MatrixGroup(11, Integer Ring) of order 1
2
{@
    ( 0  1  0  0  0  0  0 -1  0  0  0),
    (0 0 0 1 0 0 0 0 0 0 0),
    (0 0 0 0 1 0 0 0 0 0 0),
    ( 0  1  0  0 -1  0  0  0  0  0  0),
    ( 0  1  0 -1  0  0  0  0  0  0  0),
    (0 0 0 0 0 0 0 1 0 0 0)
@}
Intersection Matrix:
[-1  0  0  0  0  1]
[ 0 -1  0  0  1  0]
[ 0  0 -1  1  0  0]
[ 0  0  1 -1  0  0]
[ 0  1  0  0 -1  0]
[ 1  0  0  0  0 -1]
Stabilizer Group Name:
C1
MatrixGroup(11, Integer Ring) of order 1
