//Group G is generated by
//c1c2c3c4c5c6(2 6)(4 5)
//c1c3c5c6(1 4 5)(2 6 3)
//(2 4)
//(5 6)
//(1 3)


13.C2*S4
MatrixGroup(11, Integer Ring) of order 2^4 * 3
Generators:
    c1c2c3c4c5c6(2 6)(4 5)
    [ 1  0  0  0  0  0  0  0  0  0  0]
    [ 3  1  1  1  1  1  1  1  0  0  0]
    [-1  0 -1  0  0  0  0  0  0  0  0]
    [-1  0  0  0  0  0  0 -1  0  0  0]
    [-1  0  0  0 -1  0  0  0  0  0  0]
    [-1  0  0  0  0  0 -1  0  0  0  0]
    [-1  0  0  0  0 -1  0  0  0  0  0]
    [-1  0  0 -1  0  0  0  0  0  0  0]
    [ 0  0  0  0  0  0  0  0  1  0  0]
    [ 0  0  0  0  0  0  0  0  0  1  0]
    [ 0  0  0  0  0  0  0  0  0  0  1]
    c1c3c5c6(1 4 5)(2 6 3)
    [ 1  0  0  0  0  0  0  0  0  0  0]
    [ 2  1  1  1  1  1  0  0  0  0  0]
    [-1  0  0  0  0 -1  0  0  0  0  0]
    [ 0  0  0  0  0  0  0  1  0  0  0]
    [-1  0  0 -1  0  0  0  0  0  0  0]
    [ 0  0  0  0  0  0  1  0  0  0  0]
    [-1  0 -1  0  0  0  0  0  0  0  0]
    [-1  0  0  0 -1  0  0  0  0  0  0]
    [ 0  0  0  0  0  0  0  0  1  0  0]
    [ 0  0  0  0  0  0  0  0  0  1  0]
    [ 0  0  0  0  0  0  0  0  0  0  1]
    (2 4)
    [1 0 0 0 0 0 0 0 0 0 0]
    [0 1 0 0 0 0 0 0 0 0 0]
    [0 0 1 0 0 0 0 0 0 0 0]
    [0 0 0 0 0 1 0 0 0 0 0]
    [0 0 0 0 1 0 0 0 0 0 0]
    [0 0 0 1 0 0 0 0 0 0 0]
    [0 0 0 0 0 0 1 0 0 0 0]
    [0 0 0 0 0 0 0 1 0 0 0]
    [0 0 0 0 0 0 0 0 1 0 0]
    [0 0 0 0 0 0 0 0 0 1 0]
    [0 0 0 0 0 0 0 0 0 0 1]
    (5 6)
    [1 0 0 0 0 0 0 0 0 0 0]
    [0 1 0 0 0 0 0 0 0 0 0]
    [0 0 1 0 0 0 0 0 0 0 0]
    [0 0 0 1 0 0 0 0 0 0 0]
    [0 0 0 0 1 0 0 0 0 0 0]
    [0 0 0 0 0 1 0 0 0 0 0]
    [0 0 0 0 0 0 0 1 0 0 0]
    [0 0 0 0 0 0 1 0 0 0 0]
    [0 0 0 0 0 0 0 0 1 0 0]
    [0 0 0 0 0 0 0 0 0 1 0]
    [0 0 0 0 0 0 0 0 0 0 1]
    (1 3)
    [1 0 0 0 0 0 0 0 0 0 0]
    [0 1 0 0 0 0 0 0 0 0 0]
    [0 0 0 0 1 0 0 0 0 0 0]
    [0 0 0 1 0 0 0 0 0 0 0]
    [0 0 1 0 0 0 0 0 0 0 0]
    [0 0 0 0 0 1 0 0 0 0 0]
    [0 0 0 0 0 0 1 0 0 0 0]
    [0 0 0 0 0 0 0 1 0 0 0]
    [0 0 0 0 0 0 0 0 1 0 0]
    [0 0 0 0 0 0 0 0 0 1 0]
    [0 0 0 0 0 0 0 0 0 0 1]
1
{@
    (0 0 1 0 0 0 0 0 0 0 0),
    ( 0  1  0  0  0  0 -1  0  0  0  0),
    (0 0 0 0 0 0 0 1 0 0 0),
    ( 0  1  0  0 -1  0  0  0  0  0  0),
    (0 0 0 0 1 0 0 0 0 0 0),
    ( 0  1  0  0  0 -1  0  0  0  0  0),
    ( 0  1  0  0  0  0  0 -1  0  0  0),
    (0 0 0 0 0 1 0 0 0 0 0),
    ( 0  1  0 -1  0  0  0  0  0  0  0),
    (0 0 0 1 0 0 0 0 0 0 0),
    ( 0  1 -1  0  0  0  0  0  0  0  0),
    (0 0 0 0 0 0 1 0 0 0 0)
@}
Intersection Matrix:
[-1  0  0  0  0  0  0  0  0  0  1  0]
[ 0 -1  0  0  0  0  0  0  0  0  0  1]
[ 0  0 -1  0  0  0  1  0  0  0  0  0]
[ 0  0  0 -1  1  0  0  0  0  0  0  0]
[ 0  0  0  1 -1  0  0  0  0  0  0  0]
[ 0  0  0  0  0 -1  0  1  0  0  0  0]
[ 0  0  1  0  0  0 -1  0  0  0  0  0]
[ 0  0  0  0  0  1  0 -1  0  0  0  0]
[ 0  0  0  0  0  0  0  0 -1  1  0  0]
[ 0  0  0  0  0  0  0  0  1 -1  0  0]
[ 1  0  0  0  0  0  0  0  0  0 -1  0]
[ 0  1  0  0  0  0  0  0  0  0  0 -1]
Stabilizer Group Name:
C2^2
MatrixGroup(11, Integer Ring)
Generators:
    [1 0 0 0 0 0 0 0 0 0 0]
    [0 1 0 0 0 0 0 0 0 0 0]
    [0 0 1 0 0 0 0 0 0 0 0]
    [0 0 0 1 0 0 0 0 0 0 0]
    [0 0 0 0 1 0 0 0 0 0 0]
    [0 0 0 0 0 1 0 0 0 0 0]
    [0 0 0 0 0 0 0 1 0 0 0]
    [0 0 0 0 0 0 1 0 0 0 0]
    [0 0 0 0 0 0 0 0 1 0 0]
    [0 0 0 0 0 0 0 0 0 1 0]
    [0 0 0 0 0 0 0 0 0 0 1]

    [1 0 0 0 0 0 0 0 0 0 0]
    [0 1 0 0 0 0 0 0 0 0 0]
    [0 0 1 0 0 0 0 0 0 0 0]
    [0 0 0 0 0 1 0 0 0 0 0]
    [0 0 0 0 1 0 0 0 0 0 0]
    [0 0 0 1 0 0 0 0 0 0 0]
    [0 0 0 0 0 0 1 0 0 0 0]
    [0 0 0 0 0 0 0 1 0 0 0]
    [0 0 0 0 0 0 0 0 1 0 0]
    [0 0 0 0 0 0 0 0 0 1 0]
    [0 0 0 0 0 0 0 0 0 0 1]
