//Group G is generated by
//c2c4c5c6(1 3)(4 5)
//c1c3(1 5 4 3 6)


2.D5
MatrixGroup(11, Integer Ring) of order 2 * 5
Generators:
    c2c4c5c6(1 3)(4 5)
    [ 1  0  0  0  0  0  0  0  0  0  0]
    [ 2  1  0  1  0  1  1  1  0  0  0]
    [ 0  0  0  0  1  0  0  0  0  0  0]
    [-1  0  0 -1  0  0  0  0  0  0  0]
    [ 0  0  1  0  0  0  0  0  0  0  0]
    [-1  0  0  0  0  0 -1  0  0  0  0]
    [-1  0  0  0  0 -1  0  0  0  0  0]
    [-1  0  0  0  0  0  0 -1  0  0  0]
    [ 0  0  0  0  0  0  0  0  1  0  0]
    [ 0  0  0  0  0  0  0  0  0  1  0]
    [ 0  0  0  0  0  0  0  0  0  0  1]
    c1c3(1 5 4 3 6)
    [ 1  0  0  0  0  0  0  0  0  0  0]
    [ 1  1  0  0  0  0  1  1  0  0  0]
    [-1  0  0  0  0  0 -1  0  0  0  0]
    [ 0  0  0  1  0  0  0  0  0  0  0]
    [-1  0  0  0  0  0  0 -1  0  0  0]
    [ 0  0  0  0  1  0  0  0  0  0  0]
    [ 0  0  0  0  0  1  0  0  0  0  0]
    [ 0  0  1  0  0  0  0  0  0  0  0]
    [ 0  0  0  0  0  0  0  0  1  0  0]
    [ 0  0  0  0  0  0  0  0  0  1  0]
    [ 0  0  0  0  0  0  0  0  0  0  1]
1
{@
    (0 0 0 1 0 0 0 0 0 0 0),
    ( 0  1  0 -1  0  0  0  0  0  0  0)
@}
Intersection Matrix:
[-1  1]
[ 1 -1]
Stabilizer Group Name:
C5
MatrixGroup(11, Integer Ring)
Generators:
    [ 1  0  0  0  0  0  0  0  0  0  0]
    [ 1  1  0  0  0  0  1  1  0  0  0]
    [-1  0  0  0  0  0 -1  0  0  0  0]
    [ 0  0  0  1  0  0  0  0  0  0  0]
    [-1  0  0  0  0  0  0 -1  0  0  0]
    [ 0  0  0  0  1  0  0  0  0  0  0]
    [ 0  0  0  0  0  1  0  0  0  0  0]
    [ 0  0  1  0  0  0  0  0  0  0  0]
    [ 0  0  0  0  0  0  0  0  1  0  0]
    [ 0  0  0  0  0  0  0  0  0  1  0]
    [ 0  0  0  0  0  0  0  0  0  0  1]
2
{@
    ( 0  1  0  0  0  0  0 -1  0  0  0),
    ( 0  1 -1  0  0  0  0  0  0  0  0),
    (0 0 0 0 1 0 0 0 0 0 0),
    ( 0  1  0  0  0  0 -1  0  0  0  0),
    ( 0  1  0  0 -1  0  0  0  0  0  0),
    (0 0 0 0 0 0 1 0 0 0 0),
    (0 0 1 0 0 0 0 0 0 0 0),
    (0 0 0 0 0 0 0 1 0 0 0),
    ( 0  1  0  0  0 -1  0  0  0  0  0),
    (0 0 0 0 0 1 0 0 0 0 0)
@}
Intersection Matrix:
[-1  0  0  0  0  0  0  1  0  0]
[ 0 -1  0  0  0  0  1  0  0  0]
[ 0  0 -1  0  1  0  0  0  0  0]
[ 0  0  0 -1  0  1  0  0  0  0]
[ 0  0  1  0 -1  0  0  0  0  0]
[ 0  0  0  1  0 -1  0  0  0  0]
[ 0  1  0  0  0  0 -1  0  0  0]
[ 1  0  0  0  0  0  0 -1  0  0]
[ 0  0  0  0  0  0  0  0 -1  1]
[ 0  0  0  0  0  0  0  0  1 -1]
Stabilizer Group Name:
C1
MatrixGroup(11, Integer Ring) of order 1

