//Group G is generated by
//c2c3c5c6(1 4)(2 6)(3 5)
//c3c4(1 5 2)(3 4 6)
//c2c4(1 6)(2 4)(3 5)


4.D6
MatrixGroup(11, Integer Ring) of order 2^2 * 3
Generators:
    c2c3c5c6(1 4)(2 6)(3 5)
    [ 1  0  0  0  0  0  0  0  0  0  0]
    [ 2  1  0  1  1  0  1  1  0  0  0]
    [ 0  0  0  0  0  1  0  0  0  0  0]
    [-1  0  0  0  0  0  0 -1  0  0  0]
    [-1  0  0  0  0  0 -1  0  0  0  0]
    [ 0  0  1  0  0  0  0  0  0  0  0]
    [-1  0  0  0 -1  0  0  0  0  0  0]
    [-1  0  0 -1  0  0  0  0  0  0  0]
    [ 0  0  0  0  0  0  0  0  1  0  0]
    [ 0  0  0  0  0  0  0  0  0  1  0]
    [ 0  0  0  0  0  0  0  0  0  0  1]
    c3c4(1 5 2)(3 4 6)
    [ 1  0  0  0  0  0  0  0  0  0  0]
    [ 1  1  0  0  0  1  0  1  0  0  0]
    [ 0  0  0  0  0  0  1  0  0  0  0]
    [ 0  0  1  0  0  0  0  0  0  0  0]
    [-1  0  0  0  0 -1  0  0  0  0  0]
    [-1  0  0  0  0  0  0 -1  0  0  0]
    [ 0  0  0  1  0  0  0  0  0  0  0]
    [ 0  0  0  0  1  0  0  0  0  0  0]
    [ 0  0  0  0  0  0  0  0  1  0  0]
    [ 0  0  0  0  0  0  0  0  0  1  0]
    [ 0  0  0  0  0  0  0  0  0  0  1]
    c2c4(1 6)(2 4)(3 5)
    [ 1  0  0  0  0  0  0  0  0  0  0]
    [ 1  1  0  1  0  1  0  0  0  0  0]
    [ 0  0  0  0  0  0  0  1  0  0  0]
    [-1  0  0  0  0 -1  0  0  0  0  0]
    [ 0  0  0  0  0  0  1  0  0  0  0]
    [-1  0  0 -1  0  0  0  0  0  0  0]
    [ 0  0  0  0  1  0  0  0  0  0  0]
    [ 0  0  1  0  0  0  0  0  0  0  0]
    [ 0  0  0  0  0  0  0  0  1  0  0]
    [ 0  0  0  0  0  0  0  0  0  1  0]
    [ 0  0  0  0  0  0  0  0  0  0  1]
1
{@
    (0 0 1 0 0 0 0 0 0 0 0),
    (0 0 0 0 0 0 0 1 0 0 0),
    ( 0  1  0  0  0  0 -1  0  0  0  0),
    ( 0  1  0  0 -1  0  0  0  0  0  0),
    ( 0  1  0  0  0 -1  0  0  0  0  0),
    (0 0 0 0 1 0 0 0 0 0 0),
    ( 0  1  0  0  0  0  0 -1  0  0  0),
    (0 0 0 0 0 1 0 0 0 0 0),
    ( 0  1  0 -1  0  0  0  0  0  0  0),
    (0 0 0 1 0 0 0 0 0 0 0),
    (0 0 0 0 0 0 1 0 0 0 0),
    ( 0  1 -1  0  0  0  0  0  0  0  0)
@}
Intersection Matrix:
[-1  0  0  0  0  0  0  0  0  0  0  1]
[ 0 -1  0  0  0  0  1  0  0  0  0  0]
[ 0  0 -1  0  0  0  0  0  0  0  1  0]
[ 0  0  0 -1  0  1  0  0  0  0  0  0]
[ 0  0  0  0 -1  0  0  1  0  0  0  0]
[ 0  0  0  1  0 -1  0  0  0  0  0  0]
[ 0  1  0  0  0  0 -1  0  0  0  0  0]
[ 0  0  0  0  1  0  0 -1  0  0  0  0]
[ 0  0  0  0  0  0  0  0 -1  1  0  0]
[ 0  0  0  0  0  0  0  0  1 -1  0  0]
[ 0  0  1  0  0  0  0  0  0  0 -1  0]
[ 1  0  0  0  0  0  0  0  0  0  0 -1]
Stabilizer Group Name:
C1
MatrixGroup(11, Integer Ring) of order 1