//Group G is generated by
//c1c3c5c6(1 4 5 2)
//c1c2c4c5(1 5)(2 4)
//c1c6(1 5 2 6 4)


6.F5
MatrixGroup(11, Integer Ring) of order 2^2 * 5
Generators:
    c1c3c5c6(1 4 5 2)
    [ 1  0  0  0  0  0  0  0  0  0  0]
    [ 2  1  0  1  1  1  0  1  0  0  0]
    [-1  0  0  0  0 -1  0  0  0  0  0]
    [ 0  0  1  0  0  0  0  0  0  0  0]
    [-1  0  0  0 -1  0  0  0  0  0  0]
    [ 0  0  0  0  0  0  1  0  0  0  0]
    [-1  0  0 -1  0  0  0  0  0  0  0]
    [-1  0  0  0  0  0  0 -1  0  0  0]
    [ 0  0  0  0  0  0  0  0  1  0  0]
    [ 0  0  0  0  0  0  0  0  0  1  0]
    [ 0  0  0  0  0  0  0  0  0  0  1]
    c1c2c4c5(1 5)(2 4)
    [ 1  0  0  0  0  0  0  0  0  0  0]
    [ 2  1  1  1  0  1  1  0  0  0  0]
    [-1  0  0  0  0  0 -1  0  0  0  0]
    [-1  0  0  0  0 -1  0  0  0  0  0]
    [ 0  0  0  0  1  0  0  0  0  0  0]
    [-1  0  0 -1  0  0  0  0  0  0  0]
    [-1  0 -1  0  0  0  0  0  0  0  0]
    [ 0  0  0  0  0  0  0  1  0  0  0]
    [ 0  0  0  0  0  0  0  0  1  0  0]
    [ 0  0  0  0  0  0  0  0  0  1  0]
    [ 0  0  0  0  0  0  0  0  0  0  1]
    c1c6(1 5 2 6 4)
    [ 1  0  0  0  0  0  0  0  0  0  0]
    [ 1  1  0  0  0  1  1  0  0  0  0]
    [-1  0  0  0  0  0 -1  0  0  0  0]
    [ 0  0  0  0  0  0  0  1  0  0  0]
    [ 0  0  0  0  1  0  0  0  0  0  0]
    [ 0  0  1  0  0  0  0  0  0  0  0]
    [ 0  0  0  1  0  0  0  0  0  0  0]
    [-1  0  0  0  0 -1  0  0  0  0  0]
    [ 0  0  0  0  0  0  0  0  1  0  0]
    [ 0  0  0  0  0  0  0  0  0  1  0]
    [ 0  0  0  0  0  0  0  0  0  0  1]
1
{@
    ( 0  1  0  0  0  0  0 -1  0  0  0),
    (0 0 0 1 0 0 0 0 0 0 0),
    ( 0  1 -1  0  0  0  0  0  0  0  0),
    ( 0  1  0  0  0  0 -1  0  0  0  0),
    (0 0 0 0 0 0 1 0 0 0 0),
    (0 0 1 0 0 0 0 0 0 0 0),
    ( 0  1  0 -1  0  0  0  0  0  0  0),
    (0 0 0 0 0 0 0 1 0 0 0),
    ( 0  1  0  0  0 -1  0  0  0  0  0),
    (0 0 0 0 0 1 0 0 0 0 0)
@}
Intersection Matrix:
[-1  0  0  0  0  0  0  1  0  0]
[ 0 -1  0  0  0  0  1  0  0  0]
[ 0  0 -1  0  0  1  0  0  0  0]
[ 0  0  0 -1  1  0  0  0  0  0]
[ 0  0  0  1 -1  0  0  0  0  0]
[ 0  0  1  0  0 -1  0  0  0  0]
[ 0  1  0  0  0  0 -1  0  0  0]
[ 1  0  0  0  0  0  0 -1  0  0]
[ 0  0  0  0  0  0  0  0 -1  1]
[ 0  0  0  0  0  0  0  0  1 -1]
Stabilizer Group Name:
C2
MatrixGroup(11, Integer Ring)
Generators:
    [ 1  0  0  0  0  0  0  0  0  0  0]
    [ 2  1  1  1  0  1  1  0  0  0  0]
    [-1  0  0  0  0  0 -1  0  0  0  0]
    [-1  0  0  0  0 -1  0  0  0  0  0]
    [ 0  0  0  0  1  0  0  0  0  0  0]
    [-1  0  0 -1  0  0  0  0  0  0  0]
    [-1  0 -1  0  0  0  0  0  0  0  0]
    [ 0  0  0  0  0  0  0  1  0  0  0]
    [ 0  0  0  0  0  0  0  0  1  0  0]
    [ 0  0  0  0  0  0  0  0  0  1  0]
    [ 0  0  0  0  0  0  0  0  0  0  1]
2
{@
    (0 0 0 0 1 0 0 0 0 0 0),
    ( 0  1  0  0 -1  0  0  0  0  0  0)
@}
Intersection Matrix:
[-1  1]
[ 1 -1]
Stabilizer Group Name:
D5
MatrixGroup(11, Integer Ring)
Generators:
    [ 1  0  0  0  0  0  0  0  0  0  0]
    [ 1  1  0  0  0  1  1  0  0  0  0]
    [-1  0  0  0  0  0 -1  0  0  0  0]
    [ 0  0  0  0  0  0  0  1  0  0  0]
    [ 0  0  0  0  1  0  0  0  0  0  0]
    [ 0  0  1  0  0  0  0  0  0  0  0]
    [ 0  0  0  1  0  0  0  0  0  0  0]
    [-1  0  0  0  0 -1  0  0  0  0  0]
    [ 0  0  0  0  0  0  0  0  1  0  0]
    [ 0  0  0  0  0  0  0  0  0  1  0]
    [ 0  0  0  0  0  0  0  0  0  0  1]

    [ 1  0  0  0  0  0  0  0  0  0  0]
    [ 2  1  1  1  0  1  1  0  0  0  0]
    [-1  0  0  0  0  0 -1  0  0  0  0]
    [-1  0  0  0  0 -1  0  0  0  0  0]
    [ 0  0  0  0  1  0  0  0  0  0  0]
    [-1  0  0 -1  0  0  0  0  0  0  0]
    [-1  0 -1  0  0  0  0  0  0  0  0]
    [ 0  0  0  0  0  0  0  1  0  0  0]
    [ 0  0  0  0  0  0  0  0  1  0  0]
    [ 0  0  0  0  0  0  0  0  0  1  0]
    [ 0  0  0  0  0  0  0  0  0  0  1]