//Group G is generated by
//c4c7(2 3)(5 6)
//c2c5(2 3 5 7 6)
//c1c4


2.D10
MatrixGroup(11, Integer Ring) of order 2^2 * 5
Generators:
    c4c7(2 3)(5 6)
    [ 1  0  0  0  0  0  0  0  0  0  0]
    [ 1  1  0  0  0  1  0  0  1  0  0]
    [ 0  0  1  0  0  0  0  0  0  0  0]
    [ 0  0  0  0  1  0  0  0  0  0  0]
    [ 0  0  0  1  0  0  0  0  0  0  0]
    [-1  0  0  0  0 -1  0  0  0  0  0]
    [ 0  0  0  0  0  0  0  1  0  0  0]
    [ 0  0  0  0  0  0  1  0  0  0  0]
    [-1  0  0  0  0  0  0  0 -1  0  0]
    [ 0  0  0  0  0  0  0  0  0  1  0]
    [ 0  0  0  0  0  0  0  0  0  0  1]
    c2c5(2 3 5 7 6)
    [ 1  0  0  0  0  0  0  0  0  0  0]
    [ 1  1  0  0  1  0  0  0  1  0  0]
    [ 0  0  1  0  0  0  0  0  0  0  0]
    [-1  0  0  0 -1  0  0  0  0  0  0]
    [ 0  0  0  0  0  0  1  0  0  0  0]
    [ 0  0  0  0  0  1  0  0  0  0  0]
    [-1  0  0  0  0  0  0  0 -1  0  0]
    [ 0  0  0  1  0  0  0  0  0  0  0]
    [ 0  0  0  0  0  0  0  1  0  0  0]
    [ 0  0  0  0  0  0  0  0  0  1  0]
    [ 0  0  0  0  0  0  0  0  0  0  1]
    c1c4
    [ 1  0  0  0  0  0  0  0  0  0  0]
    [ 1  1  1  0  0  1  0  0  0  0  0]
    [-1  0 -1  0  0  0  0  0  0  0  0]
    [ 0  0  0  1  0  0  0  0  0  0  0]
    [ 0  0  0  0  1  0  0  0  0  0  0]
    [-1  0  0  0  0 -1  0  0  0  0  0]
    [ 0  0  0  0  0  0  1  0  0  0  0]
    [ 0  0  0  0  0  0  0  1  0  0  0]
    [ 0  0  0  0  0  0  0  0  1  0  0]
    [ 0  0  0  0  0  0  0  0  0  1  0]
    [ 0  0  0  0  0  0  0  0  0  0  1]
1
{@
    ( 0  1  0  0  0 -1  0  0  0  0  0),
    (0 0 0 0 0 1 0 0 0 0 0)
@}
Intersection Matrix:
[-1  1]
[ 1 -1]
Stabilizer Group Name:
D5
MatrixGroup(11, Integer Ring)
Generators:
    [ 1  0  0  0  0  0  0  0  0  0  0]
    [ 3  1  1  1  1  0  1  1  1  0  0]
    [-1  0 -1  0  0  0  0  0  0  0  0]
    [-1  0  0  0  0  0  0  0 -1  0  0]
    [-1  0  0  0  0  0 -1  0  0  0  0]
    [ 0  0  0  0  0  1  0  0  0  0  0]
    [-1  0  0  0 -1  0  0  0  0  0  0]
    [-1  0  0  0  0  0  0 -1  0  0  0]
    [-1  0  0 -1  0  0  0  0  0  0  0]
    [ 0  0  0  0  0  0  0  0  0  1  0]
    [ 0  0  0  0  0  0  0  0  0  0  1]

    [ 1  0  0  0  0  0  0  0  0  0  0]
    [ 1  1  0  0  1  0  0  0  1  0  0]
    [ 0  0  1  0  0  0  0  0  0  0  0]
    [-1  0  0  0 -1  0  0  0  0  0  0]
    [ 0  0  0  0  0  0  1  0  0  0  0]
    [ 0  0  0  0  0  1  0  0  0  0  0]
    [-1  0  0  0  0  0  0  0 -1  0  0]
    [ 0  0  0  1  0  0  0  0  0  0  0]
    [ 0  0  0  0  0  0  0  1  0  0  0]
    [ 0  0  0  0  0  0  0  0  0  1  0]
    [ 0  0  0  0  0  0  0  0  0  0  1]
2
{@
    ( 0  1 -1  0  0  0  0  0  0  0  0),
    (0 0 1 0 0 0 0 0 0 0 0)
@}
Intersection Matrix:
[-1  1]
[ 1 -1]
Stabilizer Group Name:
D5
MatrixGroup(11, Integer Ring)
Generators:
    [ 1  0  0  0  0  0  0  0  0  0  0]
    [ 1  1  0  0  0  1  0  0  1  0  0]
    [ 0  0  1  0  0  0  0  0  0  0  0]
    [ 0  0  0  0  1  0  0  0  0  0  0]
    [ 0  0  0  1  0  0  0  0  0  0  0]
    [-1  0  0  0  0 -1  0  0  0  0  0]
    [ 0  0  0  0  0  0  0  1  0  0  0]
    [ 0  0  0  0  0  0  1  0  0  0  0]
    [-1  0  0  0  0  0  0  0 -1  0  0]
    [ 0  0  0  0  0  0  0  0  0  1  0]
    [ 0  0  0  0  0  0  0  0  0  0  1]

    [ 1  0  0  0  0  0  0  0  0  0  0]
    [ 1  1  0  0  1  0  0  0  1  0  0]
    [ 0  0  1  0  0  0  0  0  0  0  0]
    [-1  0  0  0 -1  0  0  0  0  0  0]
    [ 0  0  0  0  0  0  1  0  0  0  0]
    [ 0  0  0  0  0  1  0  0  0  0  0]
    [-1  0  0  0  0  0  0  0 -1  0  0]
    [ 0  0  0  1  0  0  0  0  0  0  0]
    [ 0  0  0  0  0  0  0  1  0  0  0]
    [ 0  0  0  0  0  0  0  0  0  1  0]
    [ 0  0  0  0  0  0  0  0  0  0  1]
3
{@
    ( 0  1  0  0  0  0 -1  0  0  0  0),
    (0 0 0 0 0 0 0 1 0 0 0),
    ( 0  1  0  0 -1  0  0  0  0  0  0),
    (0 0 0 0 1 0 0 0 0 0 0),
    ( 0  1  0  0  0  0  0 -1  0  0  0),
    ( 0  1  0 -1  0  0  0  0  0  0  0),
    (0 0 0 0 0 0 0 0 1 0 0),
    (0 0 0 1 0 0 0 0 0 0 0),
    ( 0  1  0  0  0  0  0  0 -1  0  0),
    (0 0 0 0 0 0 1 0 0 0 0)
@}
Intersection Matrix:
[-1  0  0  0  0  0  0  0  0  1]
[ 0 -1  0  0  1  0  0  0  0  0]
[ 0  0 -1  1  0  0  0  0  0  0]
[ 0  0  1 -1  0  0  0  0  0  0]
[ 0  1  0  0 -1  0  0  0  0  0]
[ 0  0  0  0  0 -1  0  1  0  0]
[ 0  0  0  0  0  0 -1  0  1  0]
[ 0  0  0  0  0  1  0 -1  0  0]
[ 0  0  0  0  0  0  1  0 -1  0]
[ 1  0  0  0  0  0  0  0  0 -1]
Stabilizer Group Name:
C2
MatrixGroup(11, Integer Ring)
Generators:
    [ 1  0  0  0  0  0  0  0  0  0  0]
    [ 1  1  1  0  0  1  0  0  0  0  0]
    [-1  0 -1  0  0  0  0  0  0  0  0]
    [ 0  0  0  1  0  0  0  0  0  0  0]
    [ 0  0  0  0  1  0  0  0  0  0  0]
    [-1  0  0  0  0 -1  0  0  0  0  0]
    [ 0  0  0  0  0  0  1  0  0  0  0]
    [ 0  0  0  0  0  0  0  1  0  0  0]
    [ 0  0  0  0  0  0  0  0  1  0  0]
    [ 0  0  0  0  0  0  0  0  0  1  0]
    [ 0  0  0  0  0  0  0  0  0  0  1]