//Group G is generated by
//c2c7(1 5 9)(2 4 7)(3 6 8)
//c3c4c5c6(1 2)(4 5)
//c1c2c3c5c6c9(2 3)(4 5 6)(7 8)
//c1c3c4c6(1 2 3)(4 6 5)
//c1c3c7c8(1 2 3)(7 8 9)
//c1c3(1 2 3)


12.C3^3:C2^2:C3
MatrixGroup(11, Integer Ring) of order 2^2 * 3^4
Generators:

    c2c7(1 5 9)(2 4 7)(3 6 8)
    [ 1  0  0  0  0  0  0  0  0  0  0]
    [ 1  1  0  1  0  1  0  0  0  0  0]
    [ 0  0  0  0  0  0  1  0  0  0  0]
    [-1  0  0  0  0 -1  0  0  0  0  0]
    [ 0  0  0  0  0  0  0  1  0  0  0]
    [ 0  0  0  0  0  0  0  0  1  0  0]
    [ 0  0  0  0  0  0  0  0  0  0  1]
    [ 0  0  0  0  0  0  0  0  0  1  0]
    [-1  0  0 -1  0  0  0  0  0  0  0]
    [ 0  0  0  0  1  0  0  0  0  0  0]
    [ 0  0  1  0  0  0  0  0  0  0  0]

    c3c4c5c6(1 2)(4 5)
    [ 1  0  0  0  0  0  0  0  0  0  0]
    [ 2  1  0  0  1  1  1  1  0  0  0]
    [ 0  0  0  1  0  0  0  0  0  0  0]
    [ 0  0  1  0  0  0  0  0  0  0  0]
    [-1  0  0  0 -1  0  0  0  0  0  0]
    [-1  0  0  0  0  0 -1  0  0  0  0]
    [-1  0  0  0  0 -1  0  0  0  0  0]
    [-1  0  0  0  0  0  0 -1  0  0  0]
    [ 0  0  0  0  0  0  0  0  1  0  0]
    [ 0  0  0  0  0  0  0  0  0  1  0]
    [ 0  0  0  0  0  0  0  0  0  0  1]

    c1c2c3c5c6c9(2 3)(4 5 6)(7 8)
    [ 1  0  0  0  0  0  0  0  0  0  0]
    [ 3  1  1  1  1  1  0  1  0  0  1]
    [-1  0 -1  0  0  0  0  0  0  0  0]
    [-1  0  0  0 -1  0  0  0  0  0  0]
    [-1  0  0 -1  0  0  0  0  0  0  0]
    [ 0  0  0  0  0  0  1  0  0  0  0]
    [-1  0  0  0  0  0  0 -1  0  0  0]
    [-1  0  0  0  0 -1  0  0  0  0  0]
    [ 0  0  0  0  0  0  0  0  0  1  0]
    [ 0  0  0  0  0  0  0  0  1  0  0]
    [-1  0  0  0  0  0  0  0  0  0 -1]

    c1c3c4c6(1 2 3)(4 6 5)
    [ 1  0  0  0  0  0  0  0  0  0  0]
    [ 2  1  1  1  0  0  1  1  0  0  0]
    [-1  0  0 -1  0  0  0  0  0  0  0]
    [ 0  0  0  0  1  0  0  0  0  0  0]
    [-1  0 -1  0  0  0  0  0  0  0  0]
    [-1  0  0  0  0  0  0 -1  0  0  0]
    [ 0  0  0  0  0  1  0  0  0  0  0]
    [-1  0  0  0  0  0 -1  0  0  0  0]
    [ 0  0  0  0  0  0  0  0  1  0  0]
    [ 0  0  0  0  0  0  0  0  0  1  0]
    [ 0  0  0  0  0  0  0  0  0  0  1]

    c1c3c7c8(1 2 3)(7 8 9)
    [ 1  0  0  0  0  0  0  0  0  0  0]
    [ 2  1  1  1  0  0  0  0  0  1  1]
    [-1  0  0 -1  0  0  0  0  0  0  0]
    [ 0  0  0  0  1  0  0  0  0  0  0]
    [-1  0 -1  0  0  0  0  0  0  0  0]
    [ 0  0  0  0  0  1  0  0  0  0  0]
    [ 0  0  0  0  0  0  1  0  0  0  0]
    [ 0  0  0  0  0  0  0  1  0  0  0]
    [-1  0  0  0  0  0  0  0  0 -1  0]
    [-1  0  0  0  0  0  0  0  0  0 -1]
    [ 0  0  0  0  0  0  0  0  1  0  0]
    
    c1c3(1 2 3)
    [ 1  0  0  0  0  0  0  0  0  0  0]
    [ 1  1  1  1  0  0  0  0  0  0  0]
    [-1  0  0 -1  0  0  0  0  0  0  0]
    [ 0  0  0  0  1  0  0  0  0  0  0]
    [-1  0 -1  0  0  0  0  0  0  0  0]
    [ 0  0  0  0  0  1  0  0  0  0  0]
    [ 0  0  0  0  0  0  1  0  0  0  0]
    [ 0  0  0  0  0  0  0  1  0  0  0]
    [ 0  0  0  0  0  0  0  0  1  0  0]
    [ 0  0  0  0  0  0  0  0  0  1  0]
    [ 0  0  0  0  0  0  0  0  0  0  1]
1
{@
    Mod: (0 0 0 0 0 0 0 0 0 0 1),
    Mod: ( 0  1 -1  0  0  0  0  0  0  0  0),
    Mod: (0 0 0 0 0 0 0 0 1 0 0),
    Mod: (0 0 0 0 0 0 1 0 0 0 0),
    Mod: ( 0  1  0  0  0  0  0  0  0  0 -1),
    Mod: (0 0 0 0 0 0 0 0 0 1 0),
    Mod: ( 0  1  0  0 -1  0  0  0  0  0  0),
    Mod: (0 0 0 0 1 0 0 0 0 0 0),
    Mod: (0 0 0 1 0 0 0 0 0 0 0),
    Mod: ( 0  1  0  0  0  0  0  0 -1  0  0),
    Mod: (0 0 0 0 0 0 0 1 0 0 0),
    Mod: (0 0 1 0 0 0 0 0 0 0 0),
    Mod: ( 0  1  0  0  0  0 -1  0  0  0  0),
    Mod: ( 0  1  0 -1  0  0  0  0  0  0  0),
    Mod: ( 0  1  0  0  0 -1  0  0  0  0  0),
    Mod: ( 0  1  0  0  0  0  0  0  0 -1  0),
    Mod: (0 0 0 0 0 1 0 0 0 0 0),
    Mod: ( 0  1  0  0  0  0  0 -1  0  0  0)
@}
Intersection Matrix:
[-1  0  0  0  1  0  0  0  0  0  0  0  0  0  0  0  0  0]
[ 0 -1  0  0  0  0  0  0  0  0  0  1  0  0  0  0  0  0]
[ 0  0 -1  0  0  0  0  0  0  1  0  0  0  0  0  0  0  0]
[ 0  0  0 -1  0  0  0  0  0  0  0  0  1  0  0  0  0  0]
[ 1  0  0  0 -1  0  0  0  0  0  0  0  0  0  0  0  0  0]
[ 0  0  0  0  0 -1  0  0  0  0  0  0  0  0  0  1  0  0]
[ 0  0  0  0  0  0 -1  1  0  0  0  0  0  0  0  0  0  0]
[ 0  0  0  0  0  0  1 -1  0  0  0  0  0  0  0  0  0  0]
[ 0  0  0  0  0  0  0  0 -1  0  0  0  0  1  0  0  0  0]
[ 0  0  1  0  0  0  0  0  0 -1  0  0  0  0  0  0  0  0]
[ 0  0  0  0  0  0  0  0  0  0 -1  0  0  0  0  0  0  1]
[ 0  1  0  0  0  0  0  0  0  0  0 -1  0  0  0  0  0  0]
[ 0  0  0  1  0  0  0  0  0  0  0  0 -1  0  0  0  0  0]
[ 0  0  0  0  0  0  0  0  1  0  0  0  0 -1  0  0  0  0]
[ 0  0  0  0  0  0  0  0  0  0  0  0  0  0 -1  0  1  0]
[ 0  0  0  0  0  1  0  0  0  0  0  0  0  0  0 -1  0  0]
[ 0  0  0  0  0  0  0  0  0  0  0  0  0  0  1  0 -1  0]
[ 0  0  0  0  0  0  0  0  0  0  1  0  0  0  0  0  0 -1]
Stabilizer Group Name:
C3:S3
MatrixGroup(11, Integer Ring)
Generators:
    [ 1  0  0  0  0  0  0  0  0  0  0]
    [ 2  1  1  1  0  0  1  1  0  0  0]
    [-1  0  0 -1  0  0  0  0  0  0  0]
    [ 0  0  0  0  1  0  0  0  0  0  0]
    [-1  0 -1  0  0  0  0  0  0  0  0]
    [-1  0  0  0  0  0  0 -1  0  0  0]
    [ 0  0  0  0  0  1  0  0  0  0  0]
    [-1  0  0  0  0  0 -1  0  0  0  0]
    [ 0  0  0  0  0  0  0  0  1  0  0]
    [ 0  0  0  0  0  0  0  0  0  1  0]
    [ 0  0  0  0  0  0  0  0  0  0  1]

    [ 1  0  0  0  0  0  0  0  0  0  0]
    [ 2  1  0  0  1  1  1  1  0  0  0]
    [ 0  0  0  1  0  0  0  0  0  0  0]
    [ 0  0  1  0  0  0  0  0  0  0  0]
    [-1  0  0  0 -1  0  0  0  0  0  0]
    [-1  0  0  0  0  0 -1  0  0  0  0]
    [-1  0  0  0  0 -1  0  0  0  0  0]
    [-1  0  0  0  0  0  0 -1  0  0  0]
    [ 0  0  0  0  0  0  0  0  1  0  0]
    [ 0  0  0  0  0  0  0  0  0  1  0]
    [ 0  0  0  0  0  0  0  0  0  0  1]

    [ 1  0  0  0  0  0  0  0  0  0  0]
    [ 1  1  1  1  0  0  0  0  0  0  0]
    [-1  0  0 -1  0  0  0  0  0  0  0]
    [ 0  0  0  0  1  0  0  0  0  0  0]
    [-1  0 -1  0  0  0  0  0  0  0  0]
    [ 0  0  0  0  0  1  0  0  0  0  0]
    [ 0  0  0  0  0  0  1  0  0  0  0]
    [ 0  0  0  0  0  0  0  1  0  0  0]
    [ 0  0  0  0  0  0  0  0  1  0  0]
    [ 0  0  0  0  0  0  0  0  0  1  0]
    [ 0  0  0  0  0  0  0  0  0  0  1]
