//Group G is generated by
//c1c2c3c4c6c9(1 3)(2 4)(5 7)(8 9)
//c3c5(1 4 6 2 3 5 7)
//c8c9


1.C7:C4
MatrixGroup(11, Integer Ring) of order 2^2 * 7
Generators:
    c1c2c3c4c6c9(1 3)(2 4)(5 7)(8 9)
    [ 1  0  0  0  0  0  0  0  0  0  0]
    [ 3  1  1  1  1  1  0  1  0  1  0]
    [-1  0  0  0 -1  0  0  0  0  0  0]
    [-1  0  0  0  0 -1  0  0  0  0  0]
    [-1  0 -1  0  0  0  0  0  0  0  0]
    [-1  0  0 -1  0  0  0  0  0  0  0]
    [ 0  0  0  0  0  0  0  0  1  0  0]
    [-1  0  0  0  0  0  0 -1  0  0  0]
    [ 0  0  0  0  0  0  1  0  0  0  0]
    [ 0  0  0  0  0  0  0  0  0  0  1]
    [-1  0  0  0  0  0  0  0  0 -1  0]
    c3c5(1 4 6 2 3 5 7)
    [ 1  0  0  0  0  0  0  0  0  0  0]
    [ 1  1  0  0  0  0  1  0  1  0  0]
    [ 0  0  0  0  0  1  0  0  0  0  0]
    [ 0  0  0  0  1  0  0  0  0  0  0]
    [-1  0  0  0  0  0 -1  0  0  0  0]
    [ 0  0  0  0  0  0  0  1  0  0  0]
    [-1  0  0  0  0  0  0  0 -1  0  0]
    [ 0  0  0  1  0  0  0  0  0  0  0]
    [ 0  0  1  0  0  0  0  0  0  0  0]
    [ 0  0  0  0  0  0  0  0  0  1  0]
    [ 0  0  0  0  0  0  0  0  0  0  1]
    c8c9
    [ 1  0  0  0  0  0  0  0  0  0  0]
    [ 1  1  0  0  0  0  0  0  0  1  1]
    [ 0  0  1  0  0  0  0  0  0  0  0]
    [ 0  0  0  1  0  0  0  0  0  0  0]
    [ 0  0  0  0  1  0  0  0  0  0  0]
    [ 0  0  0  0  0  1  0  0  0  0  0]
    [ 0  0  0  0  0  0  1  0  0  0  0]
    [ 0  0  0  0  0  0  0  1  0  0  0]
    [ 0  0  0  0  0  0  0  0  1  0  0]
    [-1  0  0  0  0  0  0  0  0 -1  0]
    [-1  0  0  0  0  0  0  0  0  0 -1]
1
{@
    Mod: ( 0  1 -1  0  0  0  0  0  0  0  0),
    Mod: (0 0 0 0 0 0 0 0 1 0 0),
    Mod: (0 0 0 0 0 0 1 0 0 0 0),
    Mod: ( 0  1  0  0 -1  0  0  0  0  0  0),
    Mod: (0 0 0 0 1 0 0 0 0 0 0),
    Mod: (0 0 0 1 0 0 0 0 0 0 0),
    Mod: ( 0  1  0  0  0  0  0  0 -1  0  0),
    Mod: (0 0 0 0 0 0 0 1 0 0 0),
    Mod: (0 0 1 0 0 0 0 0 0 0 0),
    Mod: ( 0  1  0  0  0  0 -1  0  0  0  0),
    Mod: ( 0  1  0 -1  0  0  0  0  0  0  0),
    Mod: ( 0  1  0  0  0 -1  0  0  0  0  0),
    Mod: (0 0 0 0 0 1 0 0 0 0 0),
    Mod: ( 0  1  0  0  0  0  0 -1  0  0  0)
@}
Intersection Matrix:
[-1  0  0  0  0  0  0  0  1  0  0  0  0  0]
[ 0 -1  0  0  0  0  1  0  0  0  0  0  0  0]
[ 0  0 -1  0  0  0  0  0  0  1  0  0  0  0]
[ 0  0  0 -1  1  0  0  0  0  0  0  0  0  0]
[ 0  0  0  1 -1  0  0  0  0  0  0  0  0  0]
[ 0  0  0  0  0 -1  0  0  0  0  1  0  0  0]
[ 0  1  0  0  0  0 -1  0  0  0  0  0  0  0]
[ 0  0  0  0  0  0  0 -1  0  0  0  0  0  1]
[ 1  0  0  0  0  0  0  0 -1  0  0  0  0  0]
[ 0  0  1  0  0  0  0  0  0 -1  0  0  0  0]
[ 0  0  0  0  0  1  0  0  0  0 -1  0  0  0]
[ 0  0  0  0  0  0  0  0  0  0  0 -1  1  0]
[ 0  0  0  0  0  0  0  0  0  0  0  1 -1  0]
[ 0  0  0  0  0  0  0  1  0  0  0  0  0 -1]
Stabilizer Group Name:
C2
MatrixGroup(11, Integer Ring)
Generators:
    [ 1  0  0  0  0  0  0  0  0  0  0]
    [ 1  1  0  0  0  0  0  0  0  1  1]
    [ 0  0  1  0  0  0  0  0  0  0  0]
    [ 0  0  0  1  0  0  0  0  0  0  0]
    [ 0  0  0  0  1  0  0  0  0  0  0]
    [ 0  0  0  0  0  1  0  0  0  0  0]
    [ 0  0  0  0  0  0  1  0  0  0  0]
    [ 0  0  0  0  0  0  0  1  0  0  0]
    [ 0  0  0  0  0  0  0  0  1  0  0]
    [-1  0  0  0  0  0  0  0  0 -1  0]
    [-1  0  0  0  0  0  0  0  0  0 -1]
2
{@
    Mod: (0 0 0 0 0 0 0 0 0 0 1),
    Mod: ( 0  1  0  0  0  0  0  0  0  0 -1),
    Mod: (0 0 0 0 0 0 0 0 0 1 0),
    Mod: ( 0  1  0  0  0  0  0  0  0 -1  0)
@}
Intersection Matrix:
[-1  1  0  0]
[ 1 -1  0  0]
[ 0  0 -1  1]
[ 0  0  1 -1]
Stabilizer Group Name:
C7
MatrixGroup(11, Integer Ring)
Generators:
    [ 1  0  0  0  0  0  0  0  0  0  0]
    [ 1  1  0  0  0  0  1  0  1  0  0]
    [ 0  0  0  0  0  1  0  0  0  0  0]
    [ 0  0  0  0  1  0  0  0  0  0  0]
    [-1  0  0  0  0  0 -1  0  0  0  0]
    [ 0  0  0  0  0  0  0  1  0  0  0]
    [-1  0  0  0  0  0  0  0 -1  0  0]
    [ 0  0  0  1  0  0  0  0  0  0  0]
    [ 0  0  1  0  0  0  0  0  0  0  0]
    [ 0  0  0  0  0  0  0  0  0  1  0]
    [ 0  0  0  0  0  0  0  0  0  0  1]
