//Group G is generated by
//(1 5 4)(3 8 7)
//c1c2c3c4c5c6c7c8(1 7)(3 5)(4 8)
//(1 5 8 4 3 7 6)
//c2c9


6.C2*F7
MatrixGroup(11, Integer Ring) of order 2^2 * 3 * 7
Generators:

    (1 5 4)(3 8 7)
    [1 0 0 0 0 0 0 0 0 0 0]
    [0 1 0 0 0 0 0 0 0 0 0]
    [0 0 0 0 0 0 1 0 0 0 0]
    [0 0 0 1 0 0 0 0 0 0 0]
    [0 0 0 0 0 0 0 0 0 1 0]
    [0 0 1 0 0 0 0 0 0 0 0]
    [0 0 0 0 0 1 0 0 0 0 0]
    [0 0 0 0 0 0 0 1 0 0 0]
    [0 0 0 0 1 0 0 0 0 0 0]
    [0 0 0 0 0 0 0 0 1 0 0]
    [0 0 0 0 0 0 0 0 0 0 1]

    c1c2c3c4c5c6c7c8(1 7)(3 5)(4 8)
    [ 1  0  0  0  0  0  0  0  0  0  0]
    [ 4  1  1  1  1  1  1  1  1  1  0]
    [-1  0  0  0  0  0  0  0 -1  0  0]
    [-1  0  0 -1  0  0  0  0  0  0  0]
    [-1  0  0  0  0  0 -1  0  0  0  0]
    [-1  0  0  0  0  0  0  0  0 -1  0]
    [-1  0  0  0 -1  0  0  0  0  0  0]
    [-1  0  0  0  0  0  0 -1  0  0  0]
    [-1  0 -1  0  0  0  0  0  0  0  0]
    [-1  0  0  0  0 -1  0  0  0  0  0]
    [ 0  0  0  0  0  0  0  0  0  0  1]

    (1 5 8 4 3 7 6)
    [1 0 0 0 0 0 0 0 0 0 0]
    [0 1 0 0 0 0 0 0 0 0 0]
    [0 0 0 0 0 0 1 0 0 0 0]
    [0 0 0 1 0 0 0 0 0 0 0]
    [0 0 0 0 0 0 0 0 1 0 0]
    [0 0 0 0 1 0 0 0 0 0 0]
    [0 0 0 0 0 0 0 0 0 1 0]
    [0 0 1 0 0 0 0 0 0 0 0]
    [0 0 0 0 0 0 0 1 0 0 0]
    [0 0 0 0 0 1 0 0 0 0 0]
    [0 0 0 0 0 0 0 0 0 0 1]
    
    c2c9
    [ 1  0  0  0  0  0  0  0  0  0  0]
    [ 1  1  0  1  0  0  0  0  0  0  1]
    [ 0  0  1  0  0  0  0  0  0  0  0]
    [-1  0  0 -1  0  0  0  0  0  0  0]
    [ 0  0  0  0  1  0  0  0  0  0  0]
    [ 0  0  0  0  0  1  0  0  0  0  0]
    [ 0  0  0  0  0  0  1  0  0  0  0]
    [ 0  0  0  0  0  0  0  1  0  0  0]
    [ 0  0  0  0  0  0  0  0  1  0  0]
    [ 0  0  0  0  0  0  0  0  0  1  0]
    [-1  0  0  0  0  0  0  0  0  0 -1]
1
{@
    Mod: (0 0 0 1 0 0 0 0 0 0 0),
    Mod: ( 0  1  0 -1  0  0  0  0  0  0  0)
@}
Intersection Matrix:
[-1  1]
[ 1 -1]
Stabilizer Group Name:
F7
MatrixGroup(11, Integer Ring)
Generators:
    [ 1  0  0  0  0  0  0  0  0  0  0]
    [ 4  1  1  0  1  1  1  1  1  1  1]
    [-1  0  0  0  0  0  0 -1  0  0  0]
    [ 0  0  0  1  0  0  0  0  0  0  0]
    [-1  0  0  0  0  0  0  0  0 -1  0]
    [-1  0  0  0  0 -1  0  0  0  0  0]
    [-1  0  0  0  0  0  0  0 -1  0  0]
    [-1  0 -1  0  0  0  0  0  0  0  0]
    [-1  0  0  0  0  0 -1  0  0  0  0]
    [-1  0  0  0 -1  0  0  0  0  0  0]
    [-1  0  0  0  0  0  0  0  0  0 -1]

    [1 0 0 0 0 0 0 0 0 0 0]
    [0 1 0 0 0 0 0 0 0 0 0]
    [0 0 0 0 0 0 1 0 0 0 0]
    [0 0 0 1 0 0 0 0 0 0 0]
    [0 0 0 0 0 0 0 0 1 0 0]
    [0 0 0 0 1 0 0 0 0 0 0]
    [0 0 0 0 0 0 0 0 0 1 0]
    [0 0 1 0 0 0 0 0 0 0 0]
    [0 0 0 0 0 0 0 1 0 0 0]
    [0 0 0 0 0 1 0 0 0 0 0]
    [0 0 0 0 0 0 0 0 0 0 1]

    [1 0 0 0 0 0 0 0 0 0 0]
    [0 1 0 0 0 0 0 0 0 0 0]
    [0 0 0 0 0 0 1 0 0 0 0]
    [0 0 0 1 0 0 0 0 0 0 0]
    [0 0 0 0 0 0 0 0 0 1 0]
    [0 0 1 0 0 0 0 0 0 0 0]
    [0 0 0 0 0 1 0 0 0 0 0]
    [0 0 0 0 0 0 0 1 0 0 0]
    [0 0 0 0 1 0 0 0 0 0 0]
    [0 0 0 0 0 0 0 0 1 0 0]
    [0 0 0 0 0 0 0 0 0 0 1]
2
{@
    Mod: (0 0 0 0 0 0 0 0 0 0 1),
    Mod: ( 0  1  0  0  0  0  0  0  0  0 -1)
@}
Intersection Matrix:
[-1  1]
[ 1 -1]
Stabilizer Group Name:
F7
MatrixGroup(11, Integer Ring)
Generators:
    [ 1  0  0  0  0  0  0  0  0  0  0]
    [ 4  1  1  1  1  1  1  1  1  1  0]
    [-1  0  0  0  0  0  0  0 -1  0  0]
    [-1  0  0 -1  0  0  0  0  0  0  0]
    [-1  0  0  0  0  0 -1  0  0  0  0]
    [-1  0  0  0  0  0  0  0  0 -1  0]
    [-1  0  0  0 -1  0  0  0  0  0  0]
    [-1  0  0  0  0  0  0 -1  0  0  0]
    [-1  0 -1  0  0  0  0  0  0  0  0]
    [-1  0  0  0  0 -1  0  0  0  0  0]
    [ 0  0  0  0  0  0  0  0  0  0  1]

    [1 0 0 0 0 0 0 0 0 0 0]
    [0 1 0 0 0 0 0 0 0 0 0]
    [0 0 0 0 0 0 1 0 0 0 0]
    [0 0 0 1 0 0 0 0 0 0 0]
    [0 0 0 0 0 0 0 0 1 0 0]
    [0 0 0 0 1 0 0 0 0 0 0]
    [0 0 0 0 0 0 0 0 0 1 0]
    [0 0 1 0 0 0 0 0 0 0 0]
    [0 0 0 0 0 0 0 1 0 0 0]
    [0 0 0 0 0 1 0 0 0 0 0]
    [0 0 0 0 0 0 0 0 0 0 1]

    [1 0 0 0 0 0 0 0 0 0 0]
    [0 1 0 0 0 0 0 0 0 0 0]
    [0 0 0 0 0 0 1 0 0 0 0]
    [0 0 0 1 0 0 0 0 0 0 0]
    [0 0 0 0 0 0 0 0 0 1 0]
    [0 0 1 0 0 0 0 0 0 0 0]
    [0 0 0 0 0 1 0 0 0 0 0]
    [0 0 0 0 0 0 0 1 0 0 0]
    [0 0 0 0 1 0 0 0 0 0 0]
    [0 0 0 0 0 0 0 0 1 0 0]
    [0 0 0 0 0 0 0 0 0 0 1]
3
{@
    Mod: (0 0 1 0 0 0 0 0 0 0 0),
    Mod: ( 0  1  0  0  0  0 -1  0  0  0  0),
    Mod: (0 0 0 0 0 0 0 1 0 0 0),
    Mod: ( 0  1  0  0 -1  0  0  0  0  0  0),
    Mod: ( 0  1  0  0  0 -1  0  0  0  0  0),
    Mod: (0 0 0 0 1 0 0 0 0 0 0),
    Mod: ( 0  1  0  0  0  0  0 -1  0  0  0),
    Mod: (0 0 0 0 0 0 0 0 0 1 0),
    Mod: (0 0 0 0 0 1 0 0 0 0 0),
    Mod: (0 0 0 0 0 0 0 0 1 0 0),
    Mod: ( 0  1  0  0  0  0  0  0  0 -1  0),
    Mod: ( 0  1  0  0  0  0  0  0 -1  0  0),
    Mod: ( 0  1 -1  0  0  0  0  0  0  0  0),
    Mod: (0 0 0 0 0 0 1 0 0 0 0)
@}
Intersection Matrix:
[-1  0  0  0  0  0  0  0  0  0  0  0  1  0]
[ 0 -1  0  0  0  0  0  0  0  0  0  0  0  1]
[ 0  0 -1  0  0  0  1  0  0  0  0  0  0  0]
[ 0  0  0 -1  0  1  0  0  0  0  0  0  0  0]
[ 0  0  0  0 -1  0  0  0  1  0  0  0  0  0]
[ 0  0  0  1  0 -1  0  0  0  0  0  0  0  0]
[ 0  0  1  0  0  0 -1  0  0  0  0  0  0  0]
[ 0  0  0  0  0  0  0 -1  0  0  1  0  0  0]
[ 0  0  0  0  1  0  0  0 -1  0  0  0  0  0]
[ 0  0  0  0  0  0  0  0  0 -1  0  1  0  0]
[ 0  0  0  0  0  0  0  1  0  0 -1  0  0  0]
[ 0  0  0  0  0  0  0  0  0  1  0 -1  0  0]
[ 1  0  0  0  0  0  0  0  0  0  0  0 -1  0]
[ 0  1  0  0  0  0  0  0  0  0  0  0  0 -1]
Stabilizer Group Name:
C6
MatrixGroup(11, Integer Ring)
Generators:
    [1 0 0 0 0 0 0 0 0 0 0]
    [0 1 0 0 0 0 0 0 0 0 0]
    [0 0 1 0 0 0 0 0 0 0 0]
    [0 0 0 1 0 0 0 0 0 0 0]
    [0 0 0 0 0 0 1 0 0 0 0]
    [0 0 0 0 0 0 0 1 0 0 0]
    [0 0 0 0 0 0 0 0 0 1 0]
    [0 0 0 0 0 0 0 0 1 0 0]
    [0 0 0 0 0 1 0 0 0 0 0]
    [0 0 0 0 1 0 0 0 0 0 0]
    [0 0 0 0 0 0 0 0 0 0 1]

    [ 1  0  0  0  0  0  0  0  0  0  0]
    [ 1  1  0  1  0  0  0  0  0  0  1]
    [ 0  0  1  0  0  0  0  0  0  0  0]
    [-1  0  0 -1  0  0  0  0  0  0  0]
    [ 0  0  0  0  1  0  0  0  0  0  0]
    [ 0  0  0  0  0  1  0  0  0  0  0]
    [ 0  0  0  0  0  0  1  0  0  0  0]
    [ 0  0  0  0  0  0  0  1  0  0  0]
    [ 0  0  0  0  0  0  0  0  1  0  0]
    [ 0  0  0  0  0  0  0  0  0  1  0]
    [-1  0  0  0  0  0  0  0  0  0 -1]