GroupD4:=MatrixGroup<11,IntegerRing()|
[1,0,0,0,0,0,0,0,0,0,0, 1,1,1,1,0,0,0,0,0,0,0, -1,0,0,-1,0,0,0,0,0,0,0, -1,0,-1,0,0,0,0,0,0,0,0,  0,0,0,0,1,0,0,0,0,0,0, 0,0,0,0,0,1,0,0,0,0,0, 0,0,0,0,0,0,1,0,0,0,0, 0,0,0,0,0,0,0,1,0,0,0, 0,0,0,0,0,0,0,0,1,0,0, 0,0,0,0,0,0,0,0,0,1,0, 0,0,0,0,0,0,0,0,0,0,1],
[1,0,0,0,0,0,0,0,0,0,0, 0,1,0,0,0,0,0,0,0,0,0, 0,0,0,0,1,0,0,0,0,0,0, 0,0,0,1,0,0,0,0,0,0,0, 0,0,1,0,0,0,0,0,0,0,0, 0,0,0,0,0,1,0,0,0,0,0, 0,0,0,0,0,0,1,0,0,0,0, 0,0,0,0,0,0,0,1,0,0,0, 0,0,0,0,0,0,0,0,1,0,0, 0,0,0,0,0,0,0,0,0,1,0, 0,0,0,0,0,0,0,0,0,0,1],
[1,0,0,0,0,0,0,0,0,0,0, 0,1,0,0,0,0,0,0,0,0,0, 0,0,0,1,0,0,0,0,0,0,0, 0,0,1,0,0,0,0,0,0,0,0, 0,0,0,0,1,0,0,0,0,0,0, 0,0,0,0,0,1,0,0,0,0,0, 0,0,0,0,0,0,1,0,0,0,0, 0,0,0,0,0,0,0,1,0,0,0, 0,0,0,0,0,0,0,0,1,0,0, 0,0,0,0,0,0,0,0,0,1,0, 0,0,0,0,0,0,0,0,0,0,1],
[1,0,0,0,0,0,0,0,0,0,0, 0,1,0,0,0,0,0,0,0,0,0, 0,0,1,0,0,0,0,0,0,0,0, 0,0,0,1,0,0,0,0,0,0,0, 0,0,0,0,0,1,0,0,0,0,0, 0,0,0,0,1,0,0,0,0,0,0, 0,0,0,0,0,0,1,0,0,0,0, 0,0,0,0,0,0,0,1,0,0,0, 0,0,0,0,0,0,0,0,1,0,0, 0,0,0,0,0,0,0,0,0,1,0, 0,0,0,0,0,0,0,0,0,0,1]>;

GroupD5:=MatrixGroup<11,IntegerRing()|
[1,0,0,0,0,0,0,0,0,0,0, 1,1,1,1,0,0,0,0,0,0,0, -1,0,0,-1,0,0,0,0,0,0,0, -1,0,-1,0,0,0,0,0,0,0,0,  0,0,0,0,1,0,0,0,0,0,0, 0,0,0,0,0,1,0,0,0,0,0, 0,0,0,0,0,0,1,0,0,0,0, 0,0,0,0,0,0,0,1,0,0,0, 0,0,0,0,0,0,0,0,1,0,0, 0,0,0,0,0,0,0,0,0,1,0, 0,0,0,0,0,0,0,0,0,0,1],
[1,0,0,0,0,0,0,0,0,0,0, 0,1,0,0,0,0,0,0,0,0,0, 0,0,0,0,1,0,0,0,0,0,0, 0,0,0,1,0,0,0,0,0,0,0, 0,0,1,0,0,0,0,0,0,0,0, 0,0,0,0,0,1,0,0,0,0,0, 0,0,0,0,0,0,1,0,0,0,0, 0,0,0,0,0,0,0,1,0,0,0, 0,0,0,0,0,0,0,0,1,0,0, 0,0,0,0,0,0,0,0,0,1,0, 0,0,0,0,0,0,0,0,0,0,1],
[1,0,0,0,0,0,0,0,0,0,0, 0,1,0,0,0,0,0,0,0,0,0, 0,0,0,1,0,0,0,0,0,0,0, 0,0,1,0,0,0,0,0,0,0,0, 0,0,0,0,1,0,0,0,0,0,0, 0,0,0,0,0,1,0,0,0,0,0, 0,0,0,0,0,0,1,0,0,0,0, 0,0,0,0,0,0,0,1,0,0,0, 0,0,0,0,0,0,0,0,1,0,0, 0,0,0,0,0,0,0,0,0,1,0, 0,0,0,0,0,0,0,0,0,0,1],
[1,0,0,0,0,0,0,0,0,0,0, 0,1,0,0,0,0,0,0,0,0,0, 0,0,1,0,0,0,0,0,0,0,0, 0,0,0,1,0,0,0,0,0,0,0, 0,0,0,0,0,1,0,0,0,0,0, 0,0,0,0,1,0,0,0,0,0,0, 0,0,0,0,0,0,1,0,0,0,0, 0,0,0,0,0,0,0,1,0,0,0, 0,0,0,0,0,0,0,0,1,0,0, 0,0,0,0,0,0,0,0,0,1,0, 0,0,0,0,0,0,0,0,0,0,1],
[1,0,0,0,0,0,0,0,0,0,0, 0,1,0,0,0,0,0,0,0,0,0, 0,0,1,0,0,0,0,0,0,0,0, 0,0,0,1,0,0,0,0,0,0,0, 0,0,0,0,1,0,0,0,0,0,0, 0,0,0,0,0,0,1,0,0,0,0, 0,0,0,0,0,1,0,0,0,0,0, 0,0,0,0,0,0,0,1,0,0,0, 0,0,0,0,0,0,0,0,1,0,0, 0,0,0,0,0,0,0,0,0,1,0, 0,0,0,0,0,0,0,0,0,0,1]>;

GroupD6:=MatrixGroup<11,IntegerRing()|
[1,0,0,0,0,0,0,0,0,0,0, 1,1,1,1,0,0,0,0,0,0,0, -1,0,0,-1,0,0,0,0,0,0,0, -1,0,-1,0,0,0,0,0,0,0,0,  0,0,0,0,1,0,0,0,0,0,0, 0,0,0,0,0,1,0,0,0,0,0, 0,0,0,0,0,0,1,0,0,0,0, 0,0,0,0,0,0,0,1,0,0,0, 0,0,0,0,0,0,0,0,1,0,0, 0,0,0,0,0,0,0,0,0,1,0, 0,0,0,0,0,0,0,0,0,0,1],
[1,0,0,0,0,0,0,0,0,0,0, 0,1,0,0,0,0,0,0,0,0,0, 0,0,0,0,1,0,0,0,0,0,0, 0,0,0,1,0,0,0,0,0,0,0, 0,0,1,0,0,0,0,0,0,0,0, 0,0,0,0,0,1,0,0,0,0,0, 0,0,0,0,0,0,1,0,0,0,0, 0,0,0,0,0,0,0,1,0,0,0, 0,0,0,0,0,0,0,0,1,0,0, 0,0,0,0,0,0,0,0,0,1,0, 0,0,0,0,0,0,0,0,0,0,1],
[1,0,0,0,0,0,0,0,0,0,0, 0,1,0,0,0,0,0,0,0,0,0, 0,0,0,1,0,0,0,0,0,0,0, 0,0,1,0,0,0,0,0,0,0,0, 0,0,0,0,1,0,0,0,0,0,0, 0,0,0,0,0,1,0,0,0,0,0, 0,0,0,0,0,0,1,0,0,0,0, 0,0,0,0,0,0,0,1,0,0,0, 0,0,0,0,0,0,0,0,1,0,0, 0,0,0,0,0,0,0,0,0,1,0, 0,0,0,0,0,0,0,0,0,0,1],
[1,0,0,0,0,0,0,0,0,0,0, 0,1,0,0,0,0,0,0,0,0,0, 0,0,1,0,0,0,0,0,0,0,0, 0,0,0,1,0,0,0,0,0,0,0, 0,0,0,0,0,1,0,0,0,0,0, 0,0,0,0,1,0,0,0,0,0,0, 0,0,0,0,0,0,1,0,0,0,0, 0,0,0,0,0,0,0,1,0,0,0, 0,0,0,0,0,0,0,0,1,0,0, 0,0,0,0,0,0,0,0,0,1,0, 0,0,0,0,0,0,0,0,0,0,1],
[1,0,0,0,0,0,0,0,0,0,0, 0,1,0,0,0,0,0,0,0,0,0, 0,0,1,0,0,0,0,0,0,0,0, 0,0,0,1,0,0,0,0,0,0,0, 0,0,0,0,1,0,0,0,0,0,0, 0,0,0,0,0,0,1,0,0,0,0, 0,0,0,0,0,1,0,0,0,0,0, 0,0,0,0,0,0,0,1,0,0,0, 0,0,0,0,0,0,0,0,1,0,0, 0,0,0,0,0,0,0,0,0,1,0, 0,0,0,0,0,0,0,0,0,0,1],
[1,0,0,0,0,0,0,0,0,0,0, 0,1,0,0,0,0,0,0,0,0,0, 0,0,1,0,0,0,0,0,0,0,0, 0,0,0,1,0,0,0,0,0,0,0, 0,0,0,0,1,0,0,0,0,0,0, 0,0,0,0,0,1,0,0,0,0,0, 0,0,0,0,0,0,0,1,0,0,0, 0,0,0,0,0,0,1,0,0,0,0, 0,0,0,0,0,0,0,0,1,0,0, 0,0,0,0,0,0,0,0,0,1,0, 0,0,0,0,0,0,0,0,0,0,1]>;

GroupD7:=MatrixGroup<11,IntegerRing()|
[1,0,0,0,0,0,0,0,0,0,0, 1,1,1,1,0,0,0,0,0,0,0, -1,0,0,-1,0,0,0,0,0,0,0, -1,0,-1,0,0,0,0,0,0,0,0,  0,0,0,0,1,0,0,0,0,0,0, 0,0,0,0,0,1,0,0,0,0,0, 0,0,0,0,0,0,1,0,0,0,0, 0,0,0,0,0,0,0,1,0,0,0, 0,0,0,0,0,0,0,0,1,0,0, 0,0,0,0,0,0,0,0,0,1,0, 0,0,0,0,0,0,0,0,0,0,1],
[1,0,0,0,0,0,0,0,0,0,0, 0,1,0,0,0,0,0,0,0,0,0, 0,0,0,0,1,0,0,0,0,0,0, 0,0,0,1,0,0,0,0,0,0,0, 0,0,1,0,0,0,0,0,0,0,0, 0,0,0,0,0,1,0,0,0,0,0, 0,0,0,0,0,0,1,0,0,0,0, 0,0,0,0,0,0,0,1,0,0,0, 0,0,0,0,0,0,0,0,1,0,0, 0,0,0,0,0,0,0,0,0,1,0, 0,0,0,0,0,0,0,0,0,0,1],
[1,0,0,0,0,0,0,0,0,0,0, 0,1,0,0,0,0,0,0,0,0,0, 0,0,0,1,0,0,0,0,0,0,0, 0,0,1,0,0,0,0,0,0,0,0, 0,0,0,0,1,0,0,0,0,0,0, 0,0,0,0,0,1,0,0,0,0,0, 0,0,0,0,0,0,1,0,0,0,0, 0,0,0,0,0,0,0,1,0,0,0, 0,0,0,0,0,0,0,0,1,0,0, 0,0,0,0,0,0,0,0,0,1,0, 0,0,0,0,0,0,0,0,0,0,1],
[1,0,0,0,0,0,0,0,0,0,0, 0,1,0,0,0,0,0,0,0,0,0, 0,0,1,0,0,0,0,0,0,0,0, 0,0,0,1,0,0,0,0,0,0,0, 0,0,0,0,0,1,0,0,0,0,0, 0,0,0,0,1,0,0,0,0,0,0, 0,0,0,0,0,0,1,0,0,0,0, 0,0,0,0,0,0,0,1,0,0,0, 0,0,0,0,0,0,0,0,1,0,0, 0,0,0,0,0,0,0,0,0,1,0, 0,0,0,0,0,0,0,0,0,0,1],
[1,0,0,0,0,0,0,0,0,0,0, 0,1,0,0,0,0,0,0,0,0,0, 0,0,1,0,0,0,0,0,0,0,0, 0,0,0,1,0,0,0,0,0,0,0, 0,0,0,0,1,0,0,0,0,0,0, 0,0,0,0,0,0,1,0,0,0,0, 0,0,0,0,0,1,0,0,0,0,0, 0,0,0,0,0,0,0,1,0,0,0, 0,0,0,0,0,0,0,0,1,0,0, 0,0,0,0,0,0,0,0,0,1,0, 0,0,0,0,0,0,0,0,0,0,1],
[1,0,0,0,0,0,0,0,0,0,0, 0,1,0,0,0,0,0,0,0,0,0, 0,0,1,0,0,0,0,0,0,0,0, 0,0,0,1,0,0,0,0,0,0,0, 0,0,0,0,1,0,0,0,0,0,0, 0,0,0,0,0,1,0,0,0,0,0, 0,0,0,0,0,0,0,1,0,0,0, 0,0,0,0,0,0,1,0,0,0,0, 0,0,0,0,0,0,0,0,1,0,0, 0,0,0,0,0,0,0,0,0,1,0, 0,0,0,0,0,0,0,0,0,0,1],
[1,0,0,0,0,0,0,0,0,0,0, 0,1,0,0,0,0,0,0,0,0,0, 0,0,1,0,0,0,0,0,0,0,0, 0,0,0,1,0,0,0,0,0,0,0, 0,0,0,0,1,0,0,0,0,0,0, 0,0,0,0,0,1,0,0,0,0,0, 0,0,0,0,0,0,1,0,0,0,0, 0,0,0,0,0,0,0,0,1,0,0, 0,0,0,0,0,0,0,1,0,0,0, 0,0,0,0,0,0,0,0,0,1,0, 0,0,0,0,0,0,0,0,0,0,1]>;

GroupD8:=MatrixGroup<11,IntegerRing()|
[1,0,0,0,0,0,0,0,0,0,0, 1,1,1,1,0,0,0,0,0,0,0, -1,0,0,-1,0,0,0,0,0,0,0, -1,0,-1,0,0,0,0,0,0,0,0,  0,0,0,0,1,0,0,0,0,0,0, 0,0,0,0,0,1,0,0,0,0,0, 0,0,0,0,0,0,1,0,0,0,0, 0,0,0,0,0,0,0,1,0,0,0, 0,0,0,0,0,0,0,0,1,0,0, 0,0,0,0,0,0,0,0,0,1,0, 0,0,0,0,0,0,0,0,0,0,1],
[1,0,0,0,0,0,0,0,0,0,0, 0,1,0,0,0,0,0,0,0,0,0, 0,0,0,0,1,0,0,0,0,0,0, 0,0,0,1,0,0,0,0,0,0,0, 0,0,1,0,0,0,0,0,0,0,0, 0,0,0,0,0,1,0,0,0,0,0, 0,0,0,0,0,0,1,0,0,0,0, 0,0,0,0,0,0,0,1,0,0,0, 0,0,0,0,0,0,0,0,1,0,0, 0,0,0,0,0,0,0,0,0,1,0, 0,0,0,0,0,0,0,0,0,0,1],
[1,0,0,0,0,0,0,0,0,0,0, 0,1,0,0,0,0,0,0,0,0,0, 0,0,0,1,0,0,0,0,0,0,0, 0,0,1,0,0,0,0,0,0,0,0, 0,0,0,0,1,0,0,0,0,0,0, 0,0,0,0,0,1,0,0,0,0,0, 0,0,0,0,0,0,1,0,0,0,0, 0,0,0,0,0,0,0,1,0,0,0, 0,0,0,0,0,0,0,0,1,0,0, 0,0,0,0,0,0,0,0,0,1,0, 0,0,0,0,0,0,0,0,0,0,1],
[1,0,0,0,0,0,0,0,0,0,0, 0,1,0,0,0,0,0,0,0,0,0, 0,0,1,0,0,0,0,0,0,0,0, 0,0,0,1,0,0,0,0,0,0,0, 0,0,0,0,0,1,0,0,0,0,0, 0,0,0,0,1,0,0,0,0,0,0, 0,0,0,0,0,0,1,0,0,0,0, 0,0,0,0,0,0,0,1,0,0,0, 0,0,0,0,0,0,0,0,1,0,0, 0,0,0,0,0,0,0,0,0,1,0, 0,0,0,0,0,0,0,0,0,0,1],
[1,0,0,0,0,0,0,0,0,0,0, 0,1,0,0,0,0,0,0,0,0,0, 0,0,1,0,0,0,0,0,0,0,0, 0,0,0,1,0,0,0,0,0,0,0, 0,0,0,0,1,0,0,0,0,0,0, 0,0,0,0,0,0,1,0,0,0,0, 0,0,0,0,0,1,0,0,0,0,0, 0,0,0,0,0,0,0,1,0,0,0, 0,0,0,0,0,0,0,0,1,0,0, 0,0,0,0,0,0,0,0,0,1,0, 0,0,0,0,0,0,0,0,0,0,1],
[1,0,0,0,0,0,0,0,0,0,0, 0,1,0,0,0,0,0,0,0,0,0, 0,0,1,0,0,0,0,0,0,0,0, 0,0,0,1,0,0,0,0,0,0,0, 0,0,0,0,1,0,0,0,0,0,0, 0,0,0,0,0,1,0,0,0,0,0, 0,0,0,0,0,0,0,1,0,0,0, 0,0,0,0,0,0,1,0,0,0,0, 0,0,0,0,0,0,0,0,1,0,0, 0,0,0,0,0,0,0,0,0,1,0, 0,0,0,0,0,0,0,0,0,0,1],
[1,0,0,0,0,0,0,0,0,0,0, 0,1,0,0,0,0,0,0,0,0,0, 0,0,1,0,0,0,0,0,0,0,0, 0,0,0,1,0,0,0,0,0,0,0, 0,0,0,0,1,0,0,0,0,0,0, 0,0,0,0,0,1,0,0,0,0,0, 0,0,0,0,0,0,1,0,0,0,0, 0,0,0,0,0,0,0,0,1,0,0, 0,0,0,0,0,0,0,1,0,0,0, 0,0,0,0,0,0,0,0,0,1,0, 0,0,0,0,0,0,0,0,0,0,1],
[1,0,0,0,0,0,0,0,0,0,0, 0,1,0,0,0,0,0,0,0,0,0, 0,0,1,0,0,0,0,0,0,0,0, 0,0,0,1,0,0,0,0,0,0,0, 0,0,0,0,1,0,0,0,0,0,0, 0,0,0,0,0,1,0,0,0,0,0, 0,0,0,0,0,0,1,0,0,0,0, 0,0,0,0,0,0,0,1,0,0,0, 0,0,0,0,0,0,0,0,0,1,0, 0,0,0,0,0,0,0,0,1,0,0, 0,0,0,0,0,0,0,0,0,0,1]>;

GroupD9:=MatrixGroup<11,IntegerRing()|
[1,0,0,0,0,0,0,0,0,0,0, 1,1,1,1,0,0,0,0,0,0,0, -1,0,0,-1,0,0,0,0,0,0,0, -1,0,-1,0,0,0,0,0,0,0,0,  0,0,0,0,1,0,0,0,0,0,0, 0,0,0,0,0,1,0,0,0,0,0, 0,0,0,0,0,0,1,0,0,0,0, 0,0,0,0,0,0,0,1,0,0,0, 0,0,0,0,0,0,0,0,1,0,0, 0,0,0,0,0,0,0,0,0,1,0, 0,0,0,0,0,0,0,0,0,0,1],
[1,0,0,0,0,0,0,0,0,0,0, 0,1,0,0,0,0,0,0,0,0,0, 0,0,0,0,1,0,0,0,0,0,0, 0,0,0,1,0,0,0,0,0,0,0, 0,0,1,0,0,0,0,0,0,0,0, 0,0,0,0,0,1,0,0,0,0,0, 0,0,0,0,0,0,1,0,0,0,0, 0,0,0,0,0,0,0,1,0,0,0, 0,0,0,0,0,0,0,0,1,0,0, 0,0,0,0,0,0,0,0,0,1,0, 0,0,0,0,0,0,0,0,0,0,1],
[1,0,0,0,0,0,0,0,0,0,0, 0,1,0,0,0,0,0,0,0,0,0, 0,0,0,1,0,0,0,0,0,0,0, 0,0,1,0,0,0,0,0,0,0,0, 0,0,0,0,1,0,0,0,0,0,0, 0,0,0,0,0,1,0,0,0,0,0, 0,0,0,0,0,0,1,0,0,0,0, 0,0,0,0,0,0,0,1,0,0,0, 0,0,0,0,0,0,0,0,1,0,0, 0,0,0,0,0,0,0,0,0,1,0, 0,0,0,0,0,0,0,0,0,0,1],
[1,0,0,0,0,0,0,0,0,0,0, 0,1,0,0,0,0,0,0,0,0,0, 0,0,1,0,0,0,0,0,0,0,0, 0,0,0,1,0,0,0,0,0,0,0, 0,0,0,0,0,1,0,0,0,0,0, 0,0,0,0,1,0,0,0,0,0,0, 0,0,0,0,0,0,1,0,0,0,0, 0,0,0,0,0,0,0,1,0,0,0, 0,0,0,0,0,0,0,0,1,0,0, 0,0,0,0,0,0,0,0,0,1,0, 0,0,0,0,0,0,0,0,0,0,1],
[1,0,0,0,0,0,0,0,0,0,0, 0,1,0,0,0,0,0,0,0,0,0, 0,0,1,0,0,0,0,0,0,0,0, 0,0,0,1,0,0,0,0,0,0,0, 0,0,0,0,1,0,0,0,0,0,0, 0,0,0,0,0,0,1,0,0,0,0, 0,0,0,0,0,1,0,0,0,0,0, 0,0,0,0,0,0,0,1,0,0,0, 0,0,0,0,0,0,0,0,1,0,0, 0,0,0,0,0,0,0,0,0,1,0, 0,0,0,0,0,0,0,0,0,0,1],
[1,0,0,0,0,0,0,0,0,0,0, 0,1,0,0,0,0,0,0,0,0,0, 0,0,1,0,0,0,0,0,0,0,0, 0,0,0,1,0,0,0,0,0,0,0, 0,0,0,0,1,0,0,0,0,0,0, 0,0,0,0,0,1,0,0,0,0,0, 0,0,0,0,0,0,0,1,0,0,0, 0,0,0,0,0,0,1,0,0,0,0, 0,0,0,0,0,0,0,0,1,0,0, 0,0,0,0,0,0,0,0,0,1,0, 0,0,0,0,0,0,0,0,0,0,1],
[1,0,0,0,0,0,0,0,0,0,0, 0,1,0,0,0,0,0,0,0,0,0, 0,0,1,0,0,0,0,0,0,0,0, 0,0,0,1,0,0,0,0,0,0,0, 0,0,0,0,1,0,0,0,0,0,0, 0,0,0,0,0,1,0,0,0,0,0, 0,0,0,0,0,0,1,0,0,0,0, 0,0,0,0,0,0,0,0,1,0,0, 0,0,0,0,0,0,0,1,0,0,0, 0,0,0,0,0,0,0,0,0,1,0, 0,0,0,0,0,0,0,0,0,0,1],
[1,0,0,0,0,0,0,0,0,0,0, 0,1,0,0,0,0,0,0,0,0,0, 0,0,1,0,0,0,0,0,0,0,0, 0,0,0,1,0,0,0,0,0,0,0, 0,0,0,0,1,0,0,0,0,0,0, 0,0,0,0,0,1,0,0,0,0,0, 0,0,0,0,0,0,1,0,0,0,0, 0,0,0,0,0,0,0,1,0,0,0, 0,0,0,0,0,0,0,0,0,1,0, 0,0,0,0,0,0,0,0,1,0,0, 0,0,0,0,0,0,0,0,0,0,1],
[1,0,0,0,0,0,0,0,0,0,0, 0,1,0,0,0,0,0,0,0,0,0, 0,0,1,0,0,0,0,0,0,0,0, 0,0,0,1,0,0,0,0,0,0,0, 0,0,0,0,1,0,0,0,0,0,0, 0,0,0,0,0,1,0,0,0,0,0, 0,0,0,0,0,0,1,0,0,0,0, 0,0,0,0,0,0,0,1,0,0,0, 0,0,0,0,0,0,0,0,1,0,0, 0,0,0,0,0,0,0,0,0,0,1, 0,0,0,0,0,0,0,0,0,1,0]>;